0.00057314	0.222633
0.00057314	0.2362
0.000702771	0.238914
0.000850607	0.247054
0.000980238	0.257908
0.001405541	0.268761
0.001405541	0.298653
0.001554106	0.309507
0.001554106	0.312221
0.00197941	0.323074
0.00210904	0.331214
0.002256877	0.344782
0.002534344	0.350253
0.002534344	0.35568
0.002830017	0.366533
0.002830017	0.377387
0.003107484	0.390954
0.003107484	0.399094
0.003107484	0.404521
0.003532788	0.420802
0.003662418	0.426273
0.00395882	0.4317
0.004087722	0.445267
0.004384123	0.453407
0.00466159	0.477828
0.00479122	0.480541
0.004939057	0.485968
0.005364361	0.505006
0.005364361	0.505006
0.005512198	0.518573
0.005641828	0.526714
0.005641828	0.532141
0.005919295	0.537567
0.006214968	0.556561
0.006344598	0.564702
0.006769902	0.581026
0.006769902	0.58374
0.007047369	0.589167
0.007343771	0.608161
0.007343771	0.613587
0.007473401	0.621728
0.007769074	0.638008
0.008046541	0.651575
0.008324008	0.665187
0.008324008	0.6679
0.008324008	0.673327
0.008897149	0.692321
0.009026779	0.703175
0.009452082	0.716742
0.009452082	0.724882
0.009600647	0.733022
0.010025951	0.752061
0.010155581	0.762914
0.010155581	0.768341
0.010858352	0.784622
0.010858352	0.806329
0.011006189	0.822654
0.011006189	0.830794
0.011283656	0.838934
0.011431492	0.857928
0.011708959	0.860642
0.011856796	0.868782
0.011986426	0.882349
0.012134263	0.893247
0.012134263	0.901387
0.01241173	0.917668
0.01241173	0.923095
0.012560295	0.928521
0.012837762	0.944802
0.012985598	0.952942
0.013263065	0.974694
0.013263065	0.985548
0.013263065	0.990974
0.013540532	1.004542
0.013836206	1.015395
0.01439114	1.023535
0.014816443	1.034389
0.014965008	1.048001
0.01509391	1.056141
0.01509391	1.064281
0.01509391	1.083275
0.015242475	1.085988
0.015390312	1.096842
0.015667779	1.115836
0.015945246	1.121307
0.016222713	1.129448
0.016370549	1.148441
0.016518386	1.153868
0.016648016	1.162009
0.016648016	1.175576
0.01707332	1.186429
0.017221157	1.205468
0.017498624	1.210894
0.017647189	1.221748
0.017776091	1.235315
0.018072492	1.248882
0.018072492	1.257022
0.018349959	1.27059
0.018479589	1.286915
0.018775263	1.297768
0.01905273	1.319476
0.01905273	1.322189
0.019200567	1.343896
0.019200567	1.352081
0.019330197	1.360221
0.0197555	1.379215
0.020032967	1.384642
0.020180804	1.395496
0.020180804	1.411776
0.020606836	1.417203
0.020884303	1.425343
0.02103214	1.438955
0.02103214	1.452522
0.021457443	1.460662
0.02173491	1.471516
0.022012377	1.493223
0.022012377	1.49865
0.022289844	1.525828
0.022585518	1.528542
0.022585518	1.539396
0.023011549	1.561103
0.023011549	1.561103
0.023140451	1.57467
0.023417918	1.590995
0.023417918	1.604562
0.02384395	1.626269
0.024139624	1.634409
0.024417091	1.639836
0.024842394	1.65883
0.024972025	1.661588
0.024972025	1.675155
0.02569373	1.696862
0.02569373	1.702289
0.025822632	1.71043
0.026100099	1.721283
0.0263965	1.737608
0.026526131	1.740322
0.026526131	1.753889
0.026821804	1.770169
0.026951434	1.778309
0.027228901	1.805444
0.027654205	1.813584
0.027654205	1.819055
0.028079509	1.838049
0.028504812	1.848903
0.028504812	1.857043
0.028930844	1.87875
0.029078681	1.884177
0.029208311	1.892362
0.029503985	1.914069
0.029633615	1.924923
0.029633615	1.927636
0.029781451	1.941203
0.029911082	1.949343
0.030058918	1.962911
0.030206755	1.971095
0.030484222	1.990089
0.030632059	2.000943
0.030909526	2.009083
0.031186993	2.025364
0.031186993	2.03079
0.031760861	2.047115
0.031760861	2.063396
0.031760861	2.068823
0.032315795	2.079676
0.032593262	2.101384
0.032741099	2.10681
0.033314239	2.144843
0.033314239	2.144843
0.033869173	2.15841
0.033869173	2.177404
0.034017738	2.182831
0.03414664	2.190971
0.034295205	2.207296
0.034443042	2.220863
0.034720509	2.22629
0.034997976	2.239857
0.035145812	2.253424
0.035275443	2.266991
0.035423279	2.269704
0.035571116	2.288743
0.035700746	2.305023
0.035848583	2.307736
0.036551354	2.332157
0.036699918	2.343011
0.036977385	2.37019
0.037125222	2.372903
0.037402689	2.383757
0.037827993	2.408177
0.037827993	2.416318
0.03810546	2.421744
0.038253296	2.440783
0.038530763	2.45435
0.03880823	2.459777
0.039085697	2.486911
0.039085697	2.492338
0.039233534	2.495051
0.039659566	2.508618
0.039788468	2.524943
0.039937033	2.53037
0.0402145	2.541224
0.040639803	2.568358
0.041065107	2.609103
0.041065107	2.611817
0.041342574	2.619957
0.041915714	2.647091
0.042064279	2.655231
0.042193181	2.663372
0.042470648	2.69055
0.042619213	2.695977
0.04289668	2.706831
0.043469821	2.736678
0.043469821	2.736678
0.043599451	2.74215
0.044320428	2.771997
0.044320428	2.774711
0.044320428	2.780138
0.044875362	2.796418
0.044875362	2.809985
0.045023927	2.812699
0.045023927	2.829023
0.04544923	2.850731
0.04544923	2.861584
0.045874534	2.867011
0.046281631	2.894145
0.046429468	2.907757
0.046706935	2.924037
0.046854772	2.932178
0.047002608	2.934891
0.047557542	2.959312
0.047557542	2.972923
0.048131411	2.994631
0.048408878	3.008198
0.048556714	3.016338
0.048963812	3.040759
0.049111648	3.057084
0.049536952	3.081504
0.049814419	3.089645
0.049962256	3.097785
0.050239723	3.114065
0.050517189	3.133104
0.050665754	3.138531
0.050665754	3.146671
0.051091058	3.171092
0.051220688	3.181945
0.051516362	3.198226
0.051645992	3.219978
0.052071296	3.225404
0.052219132	3.263392
0.052366969	3.274246
0.052644436	3.309565
0.05319937	3.312278
0.053773239	3.323132
0.054050705	3.347552
0.054328172	3.361164
0.054623846	3.372018
0.054901313	3.388298
0.055030943	3.393725
0.055456247	3.410005
0.055456247	3.423573
0.055604083	3.442611
0.056030115	3.453465
0.056307582	3.464318
0.056455419	3.483312
0.056732886	3.496879
0.056880723	3.507733
0.05715819	3.532198
0.057583493	3.543052
0.058008797	3.551192
0.058286264	3.575613
0.058563731	3.583753
0.058712296	3.594651
0.059137599	3.621785
0.059415066	3.640779
0.060117837	3.659773
0.060265674	3.667958
0.060265674	3.673385
0.060820607	3.695092
0.061117009	3.711372
0.061394476	3.722226
0.061671943	3.738507
0.06181978	3.752118
0.062097247	3.757545
0.06252255	3.773825
0.062947854	3.806386
0.063225321	3.819953
0.063650625	3.849845
0.063650625	3.852559
0.064076657	3.868839
0.06450196	3.895973
0.064779427	3.895973
0.064927264	3.909585
0.065334361	3.936719
0.065482198	3.939433
0.065630034	3.953
0.066462435	3.982892
0.066610272	4.023593
0.067184141	4.02902
0.067184141	4.042587
0.067739074	4.064339
0.067886911	4.069765
0.068312215	4.091473
0.068737518	4.11318
0.069014985	4.118607
0.069144616	4.132219
0.069866321	4.153926
0.070143788	4.162066
0.070143788	4.170206
0.070569092	4.186487
0.070698722	4.200054
0.070994395	4.213665
0.071697166	4.238086
0.071826796	4.243513
0.071974633	4.251653
0.072548501	4.278787
0.072548501	4.295112
0.073528739	4.322246
0.073806206	4.330387
0.073806206	4.34124
0.074379346	4.368419
0.074508976	4.376559
0.07493428	4.390126
0.075360312	4.406407
0.075785616	4.428114
0.075785616	4.436254
0.076063083	4.517746
0.076358756	4.525886
0.07691369	4.572014
0.077061527	4.577441
0.077191157	4.577441
0.077765026	4.615473
0.077893927	4.623614
0.078190329	4.63718
0.078615633	4.669786
0.0788931	4.675213
0.079318403	4.683353
0.079448034	4.710487
0.079743707	4.715914
0.079873337	4.729481
0.080576108	4.762087
0.08087251	4.783793
0.081297813	4.810928
0.081297813	4.813641
0.081297813	4.827253
0.08170491	4.84896
0.082000584	4.862527
0.082278051	4.870667
0.082555518	4.886948
0.082980821	4.914127
0.083129386	4.919553
0.083406853	4.930407
0.083832157	4.960255
0.083961787	4.971108
0.084257461	4.979293
0.084682764	5.003714
0.084682764	5.022708
0.085108068	5.041702
0.085811567	5.066167
0.085811567	5.071594
0.086089034	5.082447
0.086514337	5.112295
0.086791804	5.125862
0.086939641	5.131289
0.087217108	5.155754
0.087494575	5.172034
0.087494575	5.177461
0.087919879	5.21278
0.088345182	5.223633
0.088622649	5.234487
0.088919051	5.248055
0.089048681	5.269761
0.089473985	5.283329
0.089751452	5.296941
0.090324592	5.326788
0.090324592	5.329501
0.090749896	5.345782
0.091027363	5.367534
0.091175928	5.378387
0.091453395	5.394668
0.091878698	5.421802
0.092008328	5.427229
0.092304002	5.44898
0.092858936	5.473401
0.093136403	5.516816
0.093432076	5.519574
0.093709543	5.533141
0.09398701	5.557562
0.094413042	5.568415
0.094413042	5.581982
0.094690509	5.592836
0.095263649	5.622728
0.095541116	5.641722
0.095541116	5.652576
0.095818583	5.674327
0.096114257	5.685181
0.096243887	5.698748
0.096946657	5.728595
0.097243059	5.747589
0.097797993	5.782909
0.09807546	5.788335
0.098926067	5.837221
0.099203534	5.842648
0.099499936	5.856215
0.099628838	5.880636
0.099777403	5.888776
0.099777403	5.902343
0.100350543	5.924095
0.10075764	5.945802
0.101053314	5.951229
0.101053314	5.970223
0.101608248	5.997402
0.102033551	6.002828
0.102182116	6.021822
0.102459583	6.040816
0.10260742	6.054383
0.102884887	6.073422
0.103014517	6.078848
0.103162354	6.097842
0.104012961	6.138588
0.104290428	6.141301
0.104290428	6.154869
0.104864297	6.187429
0.105141764	6.190143
0.1052896	6.206423
0.106122001	6.252596
0.106122001	6.249883
0.106122001	6.266163
0.106547305	6.293342
0.106972608	6.298769
0.107250075	6.312335
0.107823944	6.334043
0.108249248	6.34761
0.108378878	6.374788
0.108804181	6.410063
0.109229485	6.420917
0.109229485	6.429057
0.109932256	6.461662
0.110228657	6.469802
0.110357559	6.480656
0.110931428	6.510504
0.111208895	6.524116
0.111208895	6.532256
0.111763829	6.56753
0.111911666	6.578384
0.112614436	6.589237
0.11303974	6.616416
0.11303974	6.629983
0.113465772	6.640837
0.113891075	6.662544
0.114168542	6.687009
0.114316379	6.695149
0.114446009	6.708717
0.114871313	6.735851
0.11501915	6.760316
0.115999387	6.784737
0.116147952	6.792877
0.116295789	6.803731
0.116850723	6.844476
0.116998559	6.858043
0.117276026	6.877037
0.117553493	6.896031
0.117849167	6.906885
0.117978797	6.92321
0.118256264	6.942204
0.118404101	6.94763
0.118681568	6.961197
0.119385066	6.99109
0.11968074	7.018224
0.120531347	7.050784
0.120660977	7.058925
0.120938444	7.069823
0.121363748	7.094244
0.12166015	7.105097
0.122067247	7.118664
0.12236292	7.129518
0.122788224	7.164837
0.122917854	7.175691
0.123490995	7.186544
0.123620625	7.208251
0.123917026	7.221863
0.124194493	7.232717
0.124749427	7.267991
0.125174731	7.281558
0.125322568	7.289699
0.126025338	7.316877
0.126302805	7.338585
0.126728109	7.371145
0.127005576	7.382044
0.127005576	7.414604
0.127579444	7.430885
0.127727281	7.436312
0.128282215	7.468917
0.128707519	7.490624
0.128984986	7.498765
0.129281387	7.512332
0.129558854	7.53137
0.129687756	7.536797
0.130539092	7.591066
0.131112232	7.599206
0.131112232	7.60739
0.131815003	7.645378
0.131944633	7.648091
0.132241035	7.664372
0.132943805	7.694264
0.133221272	7.702404
0.133369109	7.713258
0.134349346	7.756673
0.134923215	7.808272
0.135348519	7.827266
0.135903453	7.851731
0.135903453	7.868012
0.136051289	7.881578
0.136476593	7.900572
0.137031527	7.925038
0.137031527	7.938605
0.137179364	7.946745
0.137734297	7.976592
0.138030699	7.987446
0.138308166	8.001058
0.139158773	8.033619
0.139288404	8.041759
0.139565871	8.052613
0.140139011	8.090645
0.140416478	8.101499
0.14071288	8.112352
0.140990346	8.147671
0.141119977	8.158525
0.141267813	8.169379
0.141840954	8.185659
0.142248051	8.207366
0.142395888	8.220978
0.142821191	8.250825
0.142969756	8.264393
0.143247223	8.272533
0.143802157	8.296953
0.144375297	8.326845
0.144375297	8.329559
0.144652764	8.351266
0.145225905	8.381158
0.145355535	8.383872
0.145651937	8.394725
0.146484338	8.435426
0.146484338	8.440853
0.146780011	8.462605
0.147334945	8.484312
0.147612412	8.500593
0.148185552	8.525014
0.148463019	8.538625
0.148611584	8.552192
0.149462191	8.584753
0.149591822	8.595607
0.149869289	8.603747
0.150442429	8.633639
0.150997363	8.649919
0.151145199	8.668913
0.151848698	8.693379
0.151996535	8.706946
0.152551469	8.744933
0.152976773	8.750361
0.153272446	8.772112
0.15382738	8.804673
0.154253412	8.807387
0.154401249	8.823667
0.154956182	8.850846
0.155233649	8.861699
0.15580679	8.888834
0.15593642	8.905114
0.156232093	8.913254
0.15650956	8.94586
0.156787027	8.959427
0.156935592	8.97028
0.1577862	9.000172
0.15791583	9.011026
0.158211503	9.032734
0.158914274	9.051728
0.159340306	9.065294
0.159746675	9.095187
0.160172707	9.103327
0.16046838	9.119607
0.161023314	9.157639
0.161171151	9.157639
0.161596454	9.173919
0.162151388	9.206481
0.16257742	9.217334
0.163002724	9.236373
0.163280191	9.258081
0.163428027	9.268934
0.163982961	9.301495
0.164278635	9.312393
0.164556102	9.328673
0.164982133	9.350381
0.1652596	9.358521
0.165832741	9.380273
0.166110208	9.40198
0.166535511	9.415547
0.167367912	9.453535
0.167515749	9.453535
0.167793216	9.467147
0.168367084	9.507848
0.168496715	9.507848
0.168922018	9.524129
0.169642995	9.56216
0.169642995	9.567587
0.170197929	9.594721
0.170623961	9.605575
0.170623961	9.616474
0.171178895	9.654461
0.171326732	9.668028
0.171604199	9.678881
0.172306969	9.706061
0.172602643	9.716914
0.172602643	9.730481
0.173306142	9.749475
0.173861076	9.768514
0.174156749	9.787508
0.174434216	9.790221
0.174582053	9.803788
0.175136986	9.836349
0.175414453	9.841776
0.175839757	9.863527
0.176413626	9.885235
0.176543256	9.901515
0.17696856	9.923267
0.1775417	9.947688
0.177819167	9.961254
0.178521937	9.999287
0.178799404	10.00743
0.179095806	10.01285
0.179928207	10.05627
0.179928207	10.05898
0.18022388	10.07531
0.180649184	10.10515
0.180926651	10.1133
0.181204118	10.135
0.18163015	10.15947
0.18220329	10.17032
0.182758224	10.20831
0.182906061	10.21102
0.183331364	10.23006
0.183886298	10.26262
0.184589797	10.28976
0.185162938	10.31422
0.185292568	10.31965
0.186568479	10.36035
0.186717044	10.36306
0.186994511	10.37663
0.187697281	10.4228
0.188122585	10.43366
0.188973192	10.46626
0.189250659	10.47983
0.189676691	10.50425
0.189954158	10.52324
0.190656929	10.54771
0.191359699	10.57484
0.191655373	10.59384
0.192081405	10.62373
0.192487773	10.6373
0.192913805	10.659
0.193634782	10.68614
0.193764413	10.69432
0.194337553	10.7296
0.19461502	10.74588
0.194763585	10.7513
0.195466356	10.78662
0.195891659	10.79476
0.196169126	10.80019
0.19672406	10.82732
0.196871897	10.84089
0.197445765	10.87078
0.197723232	10.89792
0.198148536	10.91148
0.19857384	10.94409
0.19870347	10.94409
0.19927661	10.9658
0.200109011	11.00383
0.200256848	11.00383
0.200405413	11.0174
0.201108183	11.04724
0.201108183	11.05538
0.201810954	11.08799
0.202384094	11.10427
0.202513725	11.11512
0.203087593	11.14768
0.203512897	11.17486
0.203919994	11.20471
0.204345298	11.21014
0.204640971	11.22913
0.204918438	11.24274
0.205621209	11.25631
0.20604724	11.28616
0.206324707	11.29972
0.206602174	11.31605
0.207323151	11.35132
0.207452782	11.35132
0.207730249	11.3676
0.208580856	11.39207
0.208877258	11.40564
0.209432192	11.43277
0.209709658	11.44362
0.210134962	11.4599
0.210708102	11.49251
0.210985569	11.50065
0.211411601	11.5115
0.212391839	11.54682
0.212687512	11.54954
0.212817143	11.56582
0.213390283	11.60109
0.214093782	11.61194
0.214796552	11.6554
0.215221856	11.6554
0.215499323	11.66083
0.21647956	11.70158
0.21647956	11.71514
0.217330896	11.76398
0.217478733	11.76398
0.217904036	11.78574
0.21832934	11.81287
0.21845897	11.82372
0.219458143	11.85904
0.21973561	11.8699
0.21973561	11.8699
0.220586217	11.90788
0.220715847	11.91874
0.221141151	11.93235
0.221566454	11.9622
0.222140323	11.97034
0.222843094	12.00566
0.223268397	12.0138
0.223398027	12.02736
0.224248635	12.06535
0.224526102	12.07892
0.225654904	12.11424
0.225654904	12.11152
0.226228045	12.13595
0.226653348	12.16584
0.226930815	12.17398
0.227911053	12.21197
0.228484921	12.22553
0.228632758	12.23096
0.229465159	12.26899
0.230038299	12.27985
0.230186864	12.2907
0.231019265	12.32059
0.231444569	12.32602
0.231869872	12.35044
0.232295176	12.37486
0.23272048	12.383
0.233423979	12.4346
0.233423979	12.42646
0.234274586	12.43731
0.234977356	12.47806
0.235254823	12.47806
0.23553229	12.49705
0.236106159	12.5269
0.236383626	12.53233
0.237086396	12.56222
0.23738207	12.57036
0.2375117	12.58393
0.238362307	12.6192
0.238639774	12.63281
0.238788339	12.64095
0.239343273	12.6708
0.239638947	12.68165
0.239916414	12.70069
0.240619184	12.71969
0.240619184	12.73597
0.24147052	12.76853
0.241895823	12.79028
0.242450757	12.82555
0.243301365	12.83098
0.243726668	12.84183
0.244578004	12.87444
0.244855471	12.87987
0.245835708	12.907
0.246261012	12.92599
0.246261012	12.93689
0.247260184	12.97488
0.247685488	12.98573
0.247685488	12.99387
0.248388258	13.03462
0.248943192	13.03733
0.249239594	13.0509
0.249517061	13.07261
0.249942365	13.07803
0.250645135	13.11335
0.250922602	13.11607
0.251200069	13.12963
0.252050676	13.17038
0.252476708	13.16767
0.253456946	13.20837
0.25445539	13.2355
0.254732857	13.26268
0.255158889	13.26811
0.256139126	13.30609
0.2564348	13.31971
0.25656443	13.31971
0.257415037	13.36312
0.257692504	13.36583
0.258118536	13.3794
0.258821307	13.40658
0.258969143	13.41472
0.259524077	13.44185
0.259949381	13.44999
0.260374685	13.46356
0.261078183	13.49888
0.261651324	13.50702
0.262076627	13.52059
0.262927963	13.55319
0.262927963	13.55591
0.263760364	13.58575
0.264056037	13.58847
0.264333504	13.59389
0.264888438	13.62103
0.265313742	13.62646
0.265739045	13.64007
0.266312914	13.68348
0.266312914	13.68891
0.266867848	13.69976
0.267718455	13.73237
0.268421226	13.74051
0.268847258	13.77578
0.269124725	13.78125
0.269272561	13.79211
0.270400636	13.82738
0.270825939	13.82738
0.271103406	13.83552
0.271806905	13.86541
0.272509676	13.87355
0.272934979	13.89255
0.273785587	13.92239
0.274063054	13.93325
0.274636922	13.96314
0.275062226	13.97128
0.27561716	13.98213
0.2761903	14.00927
0.27631993	14.01745
0.276467767	14.02831
0.277319103	14.05815
0.27759657	14.06358
0.27816971	14.088
0.278724644	14.10433
0.278724644	14.10704
0.279575979	14.14774
0.280130913	14.15317
0.280556217	14.16674
0.281406824	14.20748
0.281554661	14.20477
0.282109595	14.22648
0.28296093	14.25365
0.283238397	14.25908
0.283941168	14.2835
0.284089005	14.29707
0.284643939	14.3025
0.285217807	14.33781
0.285643111	14.34324
0.286345881	14.35409
0.286919022	14.38394
0.287473956	14.40027
0.288177455	14.41655
0.288880225	14.43283
0.289175899	14.43554
0.289730832	14.47082
0.289730832	14.47353
0.290008299	14.48985
0.291007472	14.52242
0.291007472	14.52513
0.291987709	14.54412
0.292838317	14.56859
0.293115783	14.5713
0.293689652	14.59572
0.294114956	14.612
0.294392423	14.61743
0.295520497	14.65275
0.295797964	14.65818
0.296075431	14.66632
0.297074603	14.69888
0.29722244	14.7043
0.297777374	14.72063
0.298906176	14.75319
0.299054013	14.7559
0.299756784	14.79393
0.300311717	14.79665
0.300737021	14.80479
0.301588357	14.84006
0.301865824	14.84278
0.302438964	14.85092
0.302864268	14.87267
0.303289571	14.87809
0.30399307	14.91337
0.304418374	14.91608
0.304825471	14.93508
0.305398611	14.9514
0.305971752	14.95412
0.306249219	14.96768
0.307230184	14.98939
0.307507651	14.99753
0.308080792	15.022
0.308506095	15.04099
0.309061029	15.0437
0.310060202	15.0844
0.310485505	15.08712
0.310910809	15.09254
0.311891046	15.136
0.312168513	15.13058
0.31244598	15.14414
0.313167686	15.16585
0.313445153	15.17132
0.314000086	15.20117
0.314573227	15.21745
0.314721792	15.21474
0.315702029	15.23644
0.316552637	15.25277
0.31697794	15.25548
0.317810341	15.28804
0.318809513	15.29618
0.31908698	15.30432
0.319789751	15.32879
0.320492521	15.33693
0.320918553	15.36406
0.321491694	15.36949
0.321769161	15.38034
0.322749398	15.41024
0.323174702	15.41566
0.323748571	15.42923
0.324599178	15.45908
0.324728808	15.45908
0.325579415	15.48083
0.326153284	15.4944
0.326708218	15.49982
0.327558825	15.53238
0.327984129	15.53781
0.328539063	15.54052
0.329242562	15.57313
0.329667865	15.57042
0.330093169	15.58398
0.331221243	15.61654
0.331795112	15.62468
0.332350046	15.64915
0.332923186	15.65458
0.33347812	15.66272
0.334477292	15.68985
0.334477292	15.68442
0.33545753	15.69799
0.336437767	15.73331
0.336585604	15.7306
0.337159473	15.74688
0.337714406	15.76858
0.337862243	15.77401
0.338990317	15.81204
0.339267784	15.81476
0.339841653	15.82018
0.340544424	15.8446
0.340674054	15.85274
0.341247194	15.85817
0.34209853	15.8962
0.342375997	15.89349
0.343356234	15.92062
0.343504071	15.91791
0.344059005	15.92605
0.344909612	15.96137
0.345483481	15.96137
0.345760948	15.97222
0.346889022	16.01564
0.347314326	16.01021
0.347740358	16.02654
0.348590965	16.05096
0.348868432	16.05096
0.349848669	16.07538
0.350273973	16.08081
0.350847842	16.08623
0.352105546	16.12698
0.352253383	16.12155
0.353104718	16.1324
0.354084956	16.15954
0.354232793	16.16225
0.354787726	16.17586
0.355915801	16.19486
0.356489669	16.20028
0.357617744	16.23827
0.35776558	16.23013
0.358172678	16.23556
0.35930148	16.26545
0.35930148	16.26545
0.360152087	16.2763
0.361002695	16.29801
0.361428727	16.30344
0.362131497	16.33062
0.362704638	16.33604
0.363259571	16.33604
0.364239809	16.37403
0.364961514	16.37403
0.365386818	16.38217
0.366219219	16.40116
0.36651562	16.40659
0.367348021	16.41749
0.368198629	16.4392
0.368771769	16.44734
0.369752735	16.47176
0.370178038	16.47719
0.371158276	16.48808
0.372008883	16.5125
0.37228635	16.5125
0.373137686	16.52336
0.373988293	16.54507
0.374543227	16.55049
0.375394563	16.56139
0.375967703	16.58581
0.376393007	16.58581
0.377373244	16.61837
0.377947113	16.61837
0.37835421	16.6238
0.37892735	16.6564
0.379482284	16.65912
0.380055424	16.67268
0.380481456	16.67811
0.381461694	16.67811
0.382034834	16.70253
0.382312301	16.69711
0.383015072	16.70796
0.384291711	16.75142
0.384291711	16.74056
0.384717015	16.74599
0.385845817	16.78398
0.385974719	16.77584
0.386696425	16.79488
0.387528825	16.82201
0.388101966	16.81387
0.388953301	16.84372
0.389656072	16.84101
0.390211006	16.84643
0.390913776	16.8709
0.391765112	16.87904
0.392338252	16.88446
0.393041023	16.89532
0.393466327	16.89532
0.394317662	16.91703
0.395020433	16.92245
0.395575367	16.93602
0.396425974	16.96049
0.396980908	16.95506
0.397554776	16.97134
0.398257547	16.99847
0.398960318	16.99576
0.399811653	17.01475
0.400384794	17.02018
0.400939727	17.02836
0.401790335	17.04736
0.402493834	17.05279
0.402771301	17.06364
0.404195048	17.09077
0.404195048	17.08263
0.405027449	17.08806
0.406026621	17.11252
0.406581555	17.11524
0.408413128	17.14509
0.408708802	17.13423
0.409263736	17.13966
0.410114343	17.17222
0.410540375	17.17222
0.411390982	17.18312
0.412223383	17.20483
0.412796523	17.19668
0.413777489	17.21568
0.414202793	17.22653
0.414628096	17.23467
0.415904736	17.26999
0.416182203	17.26999
0.416607506	17.26185
0.417883417	17.2917
0.418309449	17.2917
0.418864383	17.29713
0.41971499	17.32426
0.420269924	17.32426
0.421546563	17.3433
0.421971867	17.3433
0.422249334	17.35415
0.423802712	17.384
0.424228744	17.37586
0.425079351	17.38671
0.426059589	17.41389
0.426337056	17.40299
0.427465858	17.41389
0.428186835	17.4356
0.429019236	17.4356
0.429740941	17.45459
0.430573342	17.45731
0.430998646	17.46545
0.431997818	17.49263
0.432700589	17.48444
0.433255523	17.49263
0.433958293	17.50077
0.434253967	17.50891
0.434808901	17.51162
0.435808073	17.5279
0.43621517	17.53604
0.437213614	17.56593
0.437343244	17.55232
0.437917113	17.55503
0.439193024	17.58221
0.439747958	17.58221
0.440025425	17.59035
0.441449901	17.6202
0.441579531	17.61206
0.442707605	17.63648
0.44342931	17.64467
0.443836408	17.64191
0.444964482	17.66909
0.445686187	17.66909
0.446241121	17.66637
0.447239565	17.69893
0.447794499	17.69622
0.448645834	17.69622
0.449496442	17.7125
0.450199212	17.73154
0.451328015	17.74511
0.451605482	17.73697
0.452030786	17.73968
0.452881393	17.76139
0.453584163	17.76139
0.454565129	17.76681
0.454860803	17.77767
0.455415737	17.77495
0.456266344	17.79123
0.456692376	17.79942
0.457117679	17.80213
0.458245754	17.83469
0.458671057	17.82927
0.459374556	17.82384
0.460206957	17.85911
0.460927934	17.86183
0.461482868	17.86454
0.46248204	17.88629
0.463036974	17.88358
0.464312885	17.91885
0.464738917	17.908
0.465293851	17.92157
0.466699392	17.95146
0.466995065	17.93242
0.467698564	17.93785
0.468549172	17.95689
0.469381572	17.95417
0.469954713	17.96774
0.471083515	17.98673
0.471508819	17.97588
0.472489057	18.00573
0.473191827	18.00301
0.473913532	18.00301
0.474745933	18.03019
0.475745106	18.03291
0.476300039	18.02743
0.477150647	18.04376
0.477723787	18.04919
0.478704753	18.06547
0.479407524	18.06547
0.480110294	18.07361
0.481386933	18.0926
0.481941867	18.0926
0.482662844	18.09531
0.483643082	18.11707
0.484198016	18.10893
0.484771884	18.12249
0.485752122	18.13335
0.486602729	18.13063
0.487601901	18.14963
0.488434302	18.14963
0.489137073	18.15505
0.490284082	18.17947
0.490986852	18.18495
0.491412156	18.17947
0.492540959	18.19851
0.493095893	18.19851
0.494223967	18.22293
0.494797835	18.21479
0.495352769	18.21751
0.496351213	18.2365
0.497183614	18.23379
0.497608918	18.2365
0.499163024	18.26911
0.499440491	18.25821
0.500162196	18.26097
0.50129027	18.2881
0.501715574	18.27725
0.502695812	18.30709
0.503824614	18.30981
0.504379548	18.30167
0.505230155	18.32337
0.506081491	18.31524
0.506654631	18.31524
0.507487032	18.33694
0.508060173	18.33694
0.509041138	18.34513
0.510039582	18.35598
0.510871983	18.35598
0.511871155	18.37226
0.512721763	18.37226
0.513424533	18.3804
0.514128032	18.39668
0.514682966	18.39125
0.51568141	18.3994
0.516810213	18.41843
0.51779045	18.41843
0.518918524	18.43471
0.519492393	18.44014
0.520047327	18.43743
0.521323238	18.4727
0.521897106	18.46456
0.523025181	18.46456
0.524153255	18.48627
0.524560352	18.47813
0.525689155	18.4917
0.526410132	18.48898
0.526965066	18.48898
0.528371335	18.51616
0.529092312	18.51073
0.529499409	18.50802
0.530646418	18.53515
0.531053515	18.52701
0.53205196	18.52973
0.533180762	18.55143
0.533883533	18.54058
0.53486377	18.55415
0.535714377	18.54601
0.536140409	18.5433
0.53741632	18.57319
0.537971254	18.57319
0.538545123	18.5759
0.53952536	18.59218
0.540375968	18.59489
0.540930902	18.60303
0.541930074	18.61931
0.542485008	18.61931
0.543483452	18.6356
0.544038386	18.6356
0.544612254	18.6356
0.545592492	18.65463
0.546017795	18.65463
0.546720566	18.65463
0.547424065	18.67091
0.548145042	18.66549
0.54912528	18.68719
0.550106245	18.68991
0.550401919	18.68991
0.551529993	18.7089
0.552233492	18.70076
0.552936262	18.70076
0.554064337	18.71704
0.554638205	18.71433
0.555340976	18.7089
0.55659868	18.73337
0.557301451	18.73337
0.55844846	18.75507
0.559280861	18.75236
0.559983631	18.75236
0.561260271	18.77678
0.561963041	18.76322
0.562665812	18.76593
0.563794614	18.78492
0.563942451	18.77407
0.565070525	18.78492
0.565773296	18.79849
0.566476795	18.78492
0.567475239	18.80667
0.568030173	18.80667
0.568732943	18.80667
0.569732116	18.83381
0.570287049	18.82838
0.571008755	18.82295
0.571841156	18.83923
0.5728396	18.83923
0.57354237	18.84466
0.574393706	18.85552
0.575096476	18.85823
0.576076714	18.88269
0.576502018	18.86908
0.577075886	18.87451
0.578333591	18.89355
0.579036361	18.88541
0.579758067	18.88541
0.580590467	18.90712
0.581293238	18.90169
0.582440247	18.92339
0.583143018	18.92611
0.583845788	18.92068
0.584826026	18.9451
0.585529525	18.93425
0.585954828	18.93154
0.586953272	18.9451
0.587508206	18.94782
0.588637009	18.96143
0.589339779	18.96143
0.58991292	18.96143
0.591319189	18.98585
0.591892329	18.97771
0.5925951	18.97499
0.593723903	18.99128
0.594149206	18.98314
0.59470414	18.98314
0.595980779	19.00484
0.596535713	18.99399
0.597663787	19.01298
0.598514395	19.01841
0.599088263	19.01027
0.600345968	19.02926
0.600771272	19.02112
0.60134514	19.01841
0.602473214	19.04016
0.603028148	19.04016
0.603601289	19.04016
0.604730091	19.06187
0.605580698	19.05644
0.606709501	19.089
0.607412272	19.07544
0.608392509	19.07815
0.609669148	19.09172
0.610094452	19.08358
0.610945059	19.08358
0.612073862	19.10528
0.613054099	19.10257
0.614052543	19.11075
0.614884944	19.11618
0.615588443	19.11347
0.616586887	19.13246
0.617844592	19.13246
0.618843764	19.12975
0.619824001	19.13789
0.620526772	19.13517
0.621248477	19.13789
0.622506182	19.15146
0.623357517	19.15146
0.624485592	19.17316
0.625336199	19.16502
0.625891133	19.16231
0.627019935	19.17859
0.627740912	19.17045
0.628869715	19.17316
0.629997789	19.20577
0.630552723	19.1813
0.631404059	19.1922
0.632254666	19.20305
0.632957436	19.18949
0.634234076	19.22205
0.635214313	19.21391
0.635769247	19.2112
0.636619854	19.22476
0.63747119	19.22205
0.639024568	19.23833
0.639875903	19.24104
0.640578674	19.24104
0.64213278	19.26275
0.642687714	19.24647
0.643390485	19.24376
0.644388929	19.26004
0.645369895	19.25461
0.646497969	19.24918
0.647497141	19.26551
0.648199912	19.26004
0.649327986	19.26822
0.650030756	19.27365
0.650456788	19.27365
0.651732699	19.29536
0.652712937	19.29264
0.652861502	19.27907
0.654119206	19.30621
0.654821977	19.29807
0.655821149	19.29807
0.657078854	19.31164
0.657651994	19.30621
0.658928633	19.32249
0.659761034	19.31706
0.660759478	19.31706
0.662017911	19.34424
0.662591051	19.33606
0.663016355	19.32792
0.664422624	19.34424
0.665125395	19.33606
0.665698535	19.33606
0.666827338	19.3551
0.667252641	19.34153
0.668232879	19.3551
0.669360953	19.35781
0.669934822	19.34967
0.671192526	19.3768
0.671914232	19.37952
0.672746633	19.3768
0.673745077	19.38494
0.674596412	19.38494
0.67557665	19.39851
0.676131584	19.39308
0.677259658	19.39308
0.678536297	19.42026
0.679239068	19.39851
0.680089675	19.40665
0.680793174	19.4175
0.682069085	19.42026
0.683049322	19.42297
0.684325962	19.42026
0.684880895	19.42297
0.68600897	19.4284
0.686582838	19.42297
0.687155979	19.4175
0.68869115	19.43654
0.689117182	19.4284
0.689819953	19.42297
0.690966962	19.4474
0.692095036	19.4474
0.692927437	19.46368
0.694055511	19.46368
0.69462938	19.45282
0.696034921	19.47996
0.696460224	19.46639
0.69731156	19.46096
0.698439634	19.4881
0.698864938	19.47724
0.69999374	19.48267
0.701121815	19.4881
0.702102052	19.4881
0.702953388	19.49352
0.704229299	19.50442
0.704784233	19.49081
0.705783405	19.50442
0.706190502	19.49352
0.707188946	19.4881
0.708317749	19.50442
0.709297986	19.50171
0.710000757	19.50171
0.710722462	19.49899
0.711425233	19.49352
0.712682937	19.51256
0.713404642	19.50985
0.71438488	19.50985
0.715790421	19.53156
0.716641757	19.5207
0.717621994	19.52613
0.718898633	19.54512
0.719601404	19.52884
0.720729478	19.55326
0.721154782	19.55055
0.722006118	19.54784
0.723282028	19.56683
0.724262994	19.56412
0.724965765	19.56412
0.726093839	19.58044
0.726667708	19.56954
0.727647945	19.57226
0.728646389	19.57773
0.72947879	19.57226
0.730755429	19.59672
0.7314582	19.58316
0.732587002	19.58316
0.733715077	19.60486
0.73414038	19.59129
0.734991716	19.58587
0.736674724	19.60486
0.737247864	19.59401
0.738376667	19.60758
0.739079438	19.60215
0.739782208	19.59944
0.740911011	19.62114
0.741761618	19.61572
0.742334758	19.60486
0.743593191	19.62386
0.744295962	19.62657
0.744721265	19.61572
0.74584934	19.632
0.746571045	19.63471
0.747699119	19.65103
0.748402618	19.64285
0.749235019	19.64014
0.750085626	19.65646
0.750658767	19.64014
0.751510102	19.64014
0.753045274	19.6646
0.753766979	19.64556
0.755024683	19.65918
0.756300594	19.67546
0.756855528	19.65646
0.757984331	19.67817
0.75913134	19.67003
0.760259414	19.6646
0.761239651	19.68902
0.761794585	19.68088
0.762516291	19.67274
0.763496528	19.68902
0.763921832	19.68088
0.765198471	19.69445
0.766178709	19.68902
0.767158946	19.69174
0.768713052	19.71616
0.769286193	19.69988
0.770543897	19.69445
0.771690906	19.71887
0.77224584	19.69716
0.773374643	19.70259
0.774502717	19.71616
0.775205487	19.69988
0.77633429	19.71616
0.777184897	19.71073
0.777887668	19.70259
0.77888684	19.71344
0.779719241	19.70802
0.780440218	19.69716
0.781569021	19.71344
0.782271791	19.71344
0.783529496	19.73791
0.783954799	19.71887
0.784658298	19.72158
0.786359513	19.74062
0.78663698	19.7243
0.787636152	19.72977
0.788616389	19.75148
0.789467725	19.74062
0.790318332	19.74062
0.791576037	19.75148
0.792149905	19.74062
0.79340761	19.75962
0.794258217	19.75962
0.794960988	19.75419
0.79608979	19.7759
0.796515094	19.76233
0.797365701	19.75148
0.798771971	19.7759
0.799770415	19.77047
0.800325349	19.77047
0.801454151	19.77047
0.802304758	19.77047
0.803007529	19.77861
0.803711028	19.7759
0.804839102	19.77318
0.805967176	19.79218
0.806966349	19.7759
0.807391652	19.7759
0.808797922	19.79218
0.809371062	19.77861
0.810925168	19.80579
0.811905406	19.79489
0.812756013	19.78946
0.813588414	19.7976
0.814587586	19.79218
0.81514252	19.78132
0.816695898	19.8085
0.817399397	19.7976
0.818250004	19.7976
0.819249177	19.80579
0.81967448	19.80032
0.820932185	19.82207
0.821505325	19.81122
0.822060259	19.8085
0.823336898	19.82207
0.823891832	19.81122
0.824891004	19.8085
0.826148709	19.83292
0.826869686	19.82207
0.828275955	19.83021
0.829126563	19.8275
0.829681497	19.82207
0.831235603	19.84106
0.832234047	19.83564
0.832788981	19.83021
0.833769946	19.84106
0.834490923	19.83292
0.835323324	19.83292
0.836322497	19.83835
0.837302734	19.83564
0.838579373	19.86548
0.839134307	19.84378
0.840132751	19.84106
0.841390456	19.85734
0.842241791	19.85463
0.842944562	19.84649
0.844221201	19.8682
0.845071808	19.85734
0.846199883	19.86548
0.846754817	19.86277
0.847180848	19.84649
0.848604596	19.87091
0.84915953	19.8682
0.849585562	19.86006
0.850861473	19.87091
0.851693874	19.8682
0.852415579	19.86548
0.85395075	19.88724
0.854672456	19.87634
0.856077997	19.88452
0.856928604	19.87634
0.85790957	19.87634
0.859037644	19.88452
0.860036817	19.87905
0.860591751	19.87091
0.861867661	19.88452
0.862422595	19.87634
0.863699235	19.87905
0.864975146	19.88452
0.865678644	19.87905
0.867232022	19.89809
0.867934793	19.88995
0.868915759	19.88452
0.869618529	19.89266
0.870616973	19.88452
0.871320472	19.88176
0.87300348	19.90894
0.873854088	19.90352
0.87485326	19.91166
0.87555603	19.90623
0.876536268	19.90352
0.87753544	19.92251
0.878238211	19.90352
0.879089546	19.9008
0.880069784	19.91437
0.880624718	19.90352
0.881475325	19.90623
0.882881595	19.92251
0.883306898	19.90894
0.884582809	19.92522
0.885434145	19.92251
0.885989079	19.91166
0.887413555	19.93336
0.888393792	19.92794
0.888966933	19.92522
0.890224637	19.93608
0.891778743	19.93608
0.892481514	19.93879
0.893610316	19.93065
0.89460876	19.93065
0.895588998	19.94964
0.896292497	19.93065
0.897420571	19.93065
0.898548645	19.94422
0.899270351	19.93065
0.900398425	19.93336
0.901230826	19.93336
0.902082161	19.9198
0.902784932	19.92251
0.903784104	19.9198
0.904486875	19.91437
0.905467112	19.93336
0.906595186	19.93065
0.907446522	19.92522
0.908574596	19.94422
0.909425932	19.94964
0.910276539	19.94964
0.911404613	19.95236
0.912237014	19.94693
0.91366149	19.9714
0.914216424	19.95507
0.914919195	19.94964
0.916621138	19.97411
0.917323908	19.96326
0.918175244	19.95507
0.919580785	19.97682
0.920579957	19.96597
0.921708031	19.97954
0.922540432	19.97411
0.923114301	19.96054
0.924242375	19.97682
0.925092982	19.97411
0.925925383	19.96326
0.927202022	19.97954
0.928330097	19.97682
0.928756129	19.96868
0.93003204	19.98225
0.931012277	19.9714
0.932288916	19.9931
0.933139524	19.98225
0.933971924	19.98496
0.935248564	19.98768
0.936228801	19.97954
0.937227974	19.97682
0.938356048	19.9931
0.939058818	19.97954
0.940465088	19.9931
0.941463532	19.98496
0.942592334	19.98768
0.943850039	20.00667
0.944571744	19.99582
0.945126678	19.99039
0.946532219	20.00396
0.947956695	19.99853
0.948789096	19.99582
0.950213572	20.00938
0.950916343	19.99582
0.95246972	20.0121
0.953450686	19.99853
0.954023827	19.99582
0.955429368	20.01752
0.9558554	20.00124
0.957131311	20.00124
0.958389015	20.02295
0.959388187	20.00667
0.960368425	20.00938
0.961348662	20.02295
0.961774694	20.00396
0.962902769	20.01481
0.963901941	20.01481
0.964752548	20.00667
0.966010253	20.02566
0.966713023	20.02295
0.967564359	20.00938
0.9689699	20.02566
0.969969072	20.02566
0.97081968	20.03109
0.97152245	20.02566
0.972373786	20.02295
0.973354023	20.0338
0.974056794	20.01752
0.975185596	20.0121
0.976036204	20.01481
0.976738974	20.00938
0.977719212	20.01752
0.978570547	20.03109
0.979421155	20.02295
0.980401392	20.03109
0.981252728	20.02566
0.981825868	20.02024
0.983232138	20.04742
0.984212375	20.0338
0.985210819	20.0338
0.986191785	20.0447
0.986894556	20.03656
0.988170467	20.05827
0.989021802	20.04199
0.989724573	20.03927
0.991001212	20.0637
0.991833613	20.03927
0.99268422	20.04199
0.993812294	20.05284
0.994811467	20.04199
0.995939541	20.05013
0.996494475	20.05013
0.997623277	20.04199
0.998621721	20.05284
0.999880154	20.05013
1.000175828	20.0338
1.001581369	20.06912
1.002432704	20.05556
1.003265105	20.04742
1.004541016	20.05284
1.005244515	20.0447
1.006520426	20.06098
1.007223196	20.05556
1.008074532	20.04742
1.009332237	20.06912
1.010053942	20.05013
1.011311646	20.0447
1.012736122	20.07455
1.013438893	20.06098
1.014566967	20.05284
1.01569577	20.06098
1.016250704	20.0447
1.017674451	20.06098
1.018506852	20.05827
1.019506024	20.05284
1.020634099	20.07184
1.021615064	20.05827
1.022613508	20.0447
1.024019778	20.06098
1.025000015	20.0637
1.026275926	20.07184
1.027256892	20.06098
1.027830032	20.05556
1.029384139	20.07184
1.030086909	20.05556
1.03136282	20.05284
1.032343786	20.06912
1.033046557	20.05827
1.033897164	20.05013
1.034877401	20.06641
1.035728737	20.05013
1.037282115	20.07184
1.038558754	20.07184
1.039261525	20.06098
1.040390327	20.06912
1.041518401	20.05827
1.042073335	20.05013
1.043497811	20.07455
1.044200582	20.0637
1.045180819	20.05827
1.046179992	20.06912
1.047160229	20.05827
1.048010837	20.07184
1.049287476	20.06912
1.050119877	20.06641
1.051396516	20.07455
1.052099286	20.05827
1.05309773	20.06098
1.053930131	20.06641
1.055058934	20.06098
1.055909541	20.06098
1.056908713	20.05827
1.057611484	20.04742
1.058591722	20.06098
1.059720524	20.05827
1.060293664	20.05556
1.061699206	20.07998
1.062254139	20.06641
1.063253312	20.05556
1.064658853	20.07455
1.065084885	20.06098
1.06691573	20.08812
1.0676185	20.07455
1.068617673	20.06098
1.069745747	20.0854
1.070874549	20.07455
1.071725157	20.06912
1.072853959	20.09083
1.073408893	20.07726
1.074536967	20.07455
1.07553614	20.07998
1.07636854	20.06912
1.077644451	20.08812
1.078624689	20.07998
1.079346394	20.07184
1.080326632	20.07998
1.081029402	20.07184
1.081880738	20.06098
1.082860975	20.07998
1.083860148	20.08269
1.085413526	20.09354
1.08596846	20.08269
1.08667123	20.07726
1.087947869	20.08812
1.08865064	20.08269
1.089501976	20.07726
1.090777886	20.08812
1.09133282	20.07455
1.092331993	20.07455
1.093589697	20.0854
1.094588869	20.07455
1.096142247	20.09897
1.096549344	20.0854
1.097399952	20.07184
1.098806221	20.09626
1.099804665	20.08269
1.100785631	20.07726
1.101913705	20.07998
1.102486846	20.07184
1.103338181	20.07998
1.104040952	20.0637
1.105021189	20.06641
1.106149992	20.09354
1.107000599	20.06912
1.107851206	20.07455
1.109109639	20.09354
1.109830616	20.07998
1.11038555	20.07998
1.11179182	20.09626
1.112790264	20.0854
1.113770501	20.09897
1.114769673	20.09897
1.115602074	20.08812
1.116601247	20.10711
1.117581484	20.1044
1.118432091	20.09626
1.119560894	20.11254
1.120541131	20.09626
1.121817042	20.10711
1.122668378	20.10711
1.123518985	20.10168
1.12477669	20.12344
1.125628025	20.10982
1.126608263	20.10168
1.127884902	20.11254
1.128587673	20.10168
1.129586117	20.09897
1.130714919	20.1153
1.13154732	20.10168
1.132694329	20.11801
1.13352673	20.11254
1.134654804	20.09897
1.135931443	20.11801
1.136504584	20.10982
1.137336985	20.10168
1.138613624	20.12072
1.139464231	20.1153
1.140592305	20.1153
1.141721108	20.11801
1.142701345	20.10982
1.143977985	20.12344
1.144680755	20.10982
1.145660993	20.10711
1.146937632	20.13158
1.147640403	20.10982
1.148638847	20.10982
1.149897279	20.12615
1.150895723	20.11254
1.152024526	20.12615
1.152875133	20.12072
1.153430067	20.10982
1.15513201	20.13158
1.155964411	20.12344
1.156815018	20.10982
1.158091657	20.12615
1.159071895	20.11801
1.159922502	20.1153
1.161328772	20.12886
1.161901912	20.12344
1.163030714	20.13429
1.163881322	20.12072
1.164584092	20.12072
1.165990362	20.13158
1.166563502	20.12072
1.167266273	20.1153
1.16824651	20.12072
1.169097846	20.10982
1.169800616	20.11801
1.170780854	20.12344
1.171780026	20.11801
1.172760264	20.137
1.173610871	20.12886
1.174739674	20.12615
1.176015585	20.137
1.176719083	20.12344
1.177421854	20.1153
1.178827395	20.12344
1.179401264	20.11801
1.180529338	20.14243
1.181084272	20.12072
1.182083444	20.1153
1.182934052	20.12344
1.183341149	20.10982
1.184339593	20.12344
1.185468395	20.14243
1.186023329	20.12344
1.18729924	20.137
1.188002739	20.13429
1.188575879	20.12615
1.189833584	20.14786
1.190832756	20.14243
1.191812994	20.13158
1.19323747	20.156
1.194365544	20.14514
1.195068314	20.13429
1.196326747	20.15057
1.197047724	20.14243
1.198453994	20.14514
1.199304601	20.13429
1.200137002	20.12615
1.201691108	20.15057
1.202819182	20.12886
1.203947256	20.12344
1.204946429	20.12615
1.205926666	20.10982
1.206629437	20.10711
1.208183543	20.12072
1.208886314	20.10982
1.210162953	20.1153
1.21114319	20.10711
1.212290199	20.09626
1.213547904	20.11254
1.214675978	20.09897
1.21567515	20.09354
1.217080692	20.10168
1.218061657	20.08812
1.219189732	20.1044
1.220040339	20.0854
1.221039511	20.0854
1.222445052	20.1044
1.223296388	20.08269
1.223851322	20.07726
1.225256863	20.09354
1.226108199	20.07726
1.226958806	20.07998
1.228364347	20.08812
1.229215683	20.07455
1.230343757	20.08269
1.231472559	20.07455
1.23217533	20.06912
1.233451241	20.09626
1.234580044	20.08812
1.235134977	20.06912
1.236133421	20.07998
1.237114387	20.07455
1.238242462	20.07726
1.239519101	20.08269
1.240074035	20.07998
1.241349946	20.09083
1.242052716	20.0854
1.243329355	20.07726
1.244605995	20.09354
1.245160929	20.08269
1.246011536	20.07455
1.247417077	20.0854
1.248268413	20.07455
1.249544324	20.08269
1.250376724	20.07998
1.251375897	20.07455
1.252503971	20.0854
1.25378061	20.07726
1.254613011	20.06912
1.255741085	20.07998
1.256869888	20.07455
1.258145799	20.07726
1.258997134	20.07998
1.259847742	20.06912
1.261254011	20.09083
1.261956782	20.06641
1.262807389	20.06098
1.264491125	20.08812
1.264916429	20.07184
1.265914873	20.0637
1.267321142	20.07998
1.268023913	20.06641
1.269023085	20.06912
1.270706093	20.0854
1.271408864	20.0637
1.27296297	20.07455
1.273665741	20.0637
1.274238881	20.05284
1.275922618	20.07455
1.276773225	20.0637
1.277772397	20.05284
1.278900471	20.06641
1.280029274	20.05827
1.281009511	20.06641
1.281989749	20.06641
1.282988921	20.05827
1.284246626	20.0637
1.285393635	20.04742
1.286226036	20.04199
1.287501946	20.04199
1.288353282	20.03109
1.28933352	20.0447
1.290184127	20.03656
1.290886898	20.02566
1.29258884	20.05284
1.293421241	20.03927
1.293846545	20.03109
1.295271021	20.0447
1.295973791	20.0338
1.296825127	20.02024
1.297953201	20.03656
1.299210906	20.02838
1.300062241	20.03656
1.301338152	20.03109
1.301764184	20.02024
1.303169725	20.03927
1.304149963	20.02295
1.305149135	20.02024
1.30640684	20.03656
1.307257447	20.01481
1.308238413	20.0121
1.309791791	20.02566
1.310088192	20.00667
1.311216267	20.0121
1.3117712	20.00124
1.312344341	19.98496
1.313602774	20.00396
1.314323751	19.99582
1.315156151	19.99582
1.316284954	20.00667
1.317005931	19.99853
1.318134734	20.00667
1.319262808	20.00667
1.319965578	19.99582
1.320945816	20.00938
1.321797152	19.99039
1.322499922	19.98225
1.324201865	20.00938
1.325034266	19.98768
1.32603271	19.97954
1.327438979	19.9931
1.32801212	19.97954
1.329418389	19.99039
1.330268996	19.97954
1.331397071	19.9714
1.332655503	19.98768
1.333080807	19.9714
1.334356718	19.96326
1.335337684	19.9714
1.336465758	19.96054
1.33746493	19.96597
1.338722635	19.96597
1.339443612	19.95778
1.340997718	19.97954
1.341977956	19.96054
1.342829291	19.94964
1.344086996	19.96597
1.344937603	19.94693
1.345788939	19.9415
1.34719448	19.95778
1.348045087	19.9415
1.349451356	19.95507
1.350301964	19.94964
1.351153299	19.92794
1.352706677	19.95236
1.35383548	19.94693
1.354686087	19.93065
1.355943792	19.94964
1.356646562	19.93608
1.357368267	19.93065
1.358903439	19.93879
1.359625144	19.93608
1.361178522	19.94422
1.361882021	19.93065
1.362862259	19.92251
1.364564201	19.93879
1.365266972	19.92522
1.36624721	19.92522
1.367097817	19.92522
1.367949152	19.91166
1.36892939	19.91708
1.370057464	19.91166
1.371186267	19.90352
1.372462178	19.92251
1.37359098	19.90894
1.374293751	19.90352
1.375847857	19.91437
1.376550628	19.90352
1.377826539	19.90894
1.378955341	19.9008
1.380083415	19.88995
1.381767152	19.91437
1.382617759	19.89266
1.38332053	19.88176
1.384745006	19.89538
1.385725243	19.87091
1.386428014	19.86548
1.387834283	19.87634
1.388407423	19.8682
1.389536226	19.87091
1.390386833	19.87362
1.391644538	19.86277
1.392495873	19.86548
1.393198644	19.85734
1.393771784	19.84649
1.395178054	19.86006
1.396028661	19.85463
1.396453965	19.8492
1.397582767	19.8682
1.398285538	19.86277
1.399561449	19.87905
1.400542415	19.87362
1.401245185	19.87091
1.402521096	19.87634
1.40307603	19.86548
1.404352669	19.86006
1.406054612	19.87634
1.406479916	19.86277
1.40773762	19.86548
1.408588956	19.86277
1.409439563	19.8492
1.411122571	19.8682
1.412251374	19.86006
1.413379448	19.85192
1.414933554	19.86548
1.415636325	19.84378
1.416764399	19.84106
1.418041038	19.84106
1.418743809	19.83564
1.419872611	19.8492
1.420575382	19.83564
1.421573826	19.82207
1.422980095	19.83835
1.423682866	19.81935
1.424682038	19.81935
1.426235416	19.83835
1.42666072	19.81935
1.427493121	19.8085
1.428621923	19.81393
1.429620367	19.80579
1.431599777	19.8275
1.432580015	19.81393
1.433283513	19.7976
1.434836891	19.81122
1.435688227	19.80032
1.436538834	19.78675
1.43809294	19.79489
1.439221015	19.77861
1.440349089	19.78404
1.441330055	19.77047
1.442458129	19.76233
1.443586203	19.76776
1.444862842	19.7569
1.445990917	19.74334
1.447249349	19.75148
1.448099957	19.73791
1.449099129	19.73791
1.450356833	19.73791
1.451355277	19.72977
1.45261371	19.72977
1.453612154	19.7243
1.454869859	19.71344
1.456146498	19.71887
1.456997105	19.71344
1.457700604	19.69716
1.459253982	19.71344
1.460660251	19.7053
1.461510859	19.7053
1.462491096	19.69445
1.463490269	19.68902
1.465043646	19.69988
1.466172449	19.68902
1.46687522	19.67817
1.468280761	19.68902
1.469132096	19.67274
1.469705237	19.65375
1.471111506	19.68088
1.471962113	19.66189
1.473219818	19.6836
1.47434862	19.67274
1.475199228	19.65375
1.476901171	19.68631
1.477733571	19.67817
1.478454549	19.65375
1.479583351	19.6646
1.480415752	19.65646
1.481414196	19.65375
1.482820465	19.67003
1.483800703	19.66189
1.484928777	19.6646
1.485780113	19.65375
1.487204589	19.65103
1.48861013	19.67546
1.489460737	19.65375
1.490441703	19.64828
1.491995081	19.65375
1.492975318	19.64285
1.494251958	19.64285
1.494529425	19.64556
1.495380032	19.632
1.496508834	19.64828
1.497784745	19.64285
1.498636081	19.632
1.499764155	19.65103
1.50102186	19.64285
1.501595728	19.632
1.502575966	19.64285
1.503426573	19.632
1.504555376	19.64285
1.505110309	19.62386
1.50638622	19.62114
1.50766286	19.64556
1.508088163	19.62928
1.509068401	19.62386
1.51047467	19.64285
1.510899974	19.62657
1.512176613	19.63742
1.513877828	19.64014
1.514710229	19.632
1.515986868	19.64285
1.516689638	19.62657
1.517540974	19.62386
1.518669048	19.632
1.519649286	19.62114
1.520352056	19.61843
1.521776532	19.62386
1.52275677	19.61843
1.524163039	19.62657
1.524588343	19.613
1.525310048	19.60486
1.526715589	19.60758
1.527140893	19.60486
1.527973294	19.59944
1.529102096	19.61029
1.529823074	19.59944
1.530803311	19.60758
1.532209581	19.61572
1.532912351	19.61029
1.533911523	19.62657
1.534891761	19.61572
1.535742368	19.613
1.537296474	19.62657
1.538276712	19.613
1.539127319	19.613
1.540256122	19.62114
1.541384196	19.613
1.542660835	19.62386
1.543511443	19.613
1.544214213	19.61029
1.545490852	19.62386
1.546323253	19.60758
1.547173861	19.59672
1.548727967	19.61572
1.549430737	19.60215
1.550707377	19.60758
1.551835451	19.60758
1.552686786	19.59129
1.553814861	19.58587
1.554942935	19.59401
1.555646434	19.57773
1.557051975	19.59401
1.558180049	19.58044
1.559308852	19.56683
1.560714393	19.58316
1.561991032	19.57226
1.562989476	19.57226
1.563821877	19.56954
1.564673212	19.55869
1.565949123	19.56954
1.566652622	19.55598
1.567780697	19.55598
1.569334803	19.56954
1.570037573	19.55869
1.570740344	19.55598
1.571739516	19.55869
1.572571917	19.55598
1.573699991	19.56954
1.574699164	19.55326
1.575401934	19.54241
1.576530008	19.55869
1.577658811	19.54784
1.578361581	19.54512
1.579914959	19.55598
1.580488828	19.54784
1.581894369	19.55326
1.582745705	19.55326
1.583578106	19.5397
1.58527932	19.56412
1.585853189	19.54512
1.586981263	19.53698
1.588238968	19.5614
1.589090303	19.53698
1.590218377	19.52884
1.591624647	19.54784
1.592327417	19.52884
1.59402936	19.54512
1.595009598	19.53698
1.596008042	19.52884
1.596989008	19.54241
1.597691778	19.52884
1.598542386	19.51256
1.599948655	19.53156
1.600947099	19.52613
1.60164987	19.52342
1.602778672	19.52884
1.604054583	19.5207
1.605035549	19.52613
1.605886156	19.51256
1.60701423	19.51528
1.6084205	19.53427
1.60912327	19.52342
1.609973878	19.51799
1.61110268	19.5207
1.611805451	19.51256
1.612804623	19.51256
1.614358001	19.5207
1.614912935	19.50985
1.616041737	19.51799
1.616892345	19.50713
1.617595115	19.49899
1.619001385	19.51528
1.619851992	19.50985
1.620702599	19.50171
1.621979239	19.50713
1.622682009	19.49628
1.623939714	19.50985
1.624938886	19.49899
1.62549382	19.49081
1.626621894	19.50442
1.627750697	19.48538
1.628749141	19.47724
1.629877943	19.49628
1.630728551	19.48267
1.631986255	19.49628
1.633262894	19.49081
1.634390968	19.47996
1.635371934	19.48267
1.636370378	19.47724
1.636925312	19.45825
1.637924484	19.4691
1.639182189	19.47182
1.639755329	19.46096
1.641439066	19.46368
1.642160043	19.46096
1.643566312	19.4691
1.64454655	19.46096
1.645823189	19.45553
1.6470991	19.46368
1.647931501	19.44468
1.648653206	19.44468
1.650336214	19.45553
1.651335387	19.43926
1.652167787	19.44197
1.653721165	19.44468
1.654295034	19.42569
1.655978042	19.43654
1.657106845	19.42569
1.657532148	19.40394
1.659234091	19.42297
1.660214329	19.40936
1.66149024	19.40122
1.662766879	19.40394
1.663894953	19.3958
1.664875919	19.40394
1.665726526	19.39037
1.667132067	19.38766
1.668538337	19.39851
1.669962813	19.38494
1.671090887	19.3768
1.672218961	19.39308
1.672644993	19.36595
1.673902698	19.36323
1.675178609	19.37137
1.676029944	19.36323
1.677435485	19.3768
1.678138256	19.36866
1.679414895	19.35781
1.680265502	19.37409
1.681523935	19.36052
1.682226706	19.35238
1.683780084	19.3768
1.684483583	19.35781
1.68520456	19.35238
1.686610829	19.35781
1.687461436	19.34967
1.688589511	19.36052
1.689144445	19.34696
1.690273247	19.34967
1.692104092	19.36052
1.69267796	19.34967
1.693806035	19.34696
1.695082674	19.3551
1.696210748	19.34696
1.697468453	19.3551
1.698597255	19.34696
1.699447863	19.33606
1.700724502	19.34424
1.701704739	19.34424
1.70227788	19.33606
1.703684149	19.34967
1.70438692	19.33606
1.706088863	19.34153
1.7070691	19.33606
1.708068272	19.33334
1.709325977	19.34696
1.710028747	19.33606
1.71102792	19.3252
1.712285624	19.33606
1.712858765	19.31977
1.7137101	19.31435
1.714967805	19.33334
1.715818412	19.31706
1.716817584	19.31435
1.718075289	19.31706
1.718778059	19.30621
1.720202535	19.31977
1.721330609	19.31435
1.722181945	19.30078
1.723310019	19.31435
1.72414242	19.3035
1.724993756	19.29807
1.726269667	19.30892
1.726972437	19.3035
1.728526543	19.30892
1.729229314	19.29807
1.729932085	19.28993
1.731486191	19.31164
1.732614265	19.3035
1.733465601	19.29536
1.734741512	19.30078
1.735722477	19.28993
1.736850552	19.28993
1.737553322	19.27636
1.738552494	19.26275
1.739384895	19.26275
1.740235503	19.25732
1.740938273	19.24647
1.742214912	19.27093
1.742917683	19.25732
1.743769019	19.25732
1.744897093	19.26275
1.7457477	19.26004
1.74715397	19.27907
1.747708903	19.25732
1.748559511	19.24918
1.74996578	19.26822
1.750686757	19.25461
1.75181556	19.24918
1.753368938	19.26551
1.754071708	19.24918
1.755200511	19.2519
1.756328585	19.24647
1.757031356	19.22747
1.758862929	19.24647
1.759565699	19.23019
1.760564872	19.21934
1.761822576	19.23019
1.762544281	19.22205
1.763672356	19.2112
1.765207527	19.21934
1.765929232	19.20848
1.767334774	19.21934
1.768037544	19.20848
1.769166347	19.20577
1.770719725	19.21662
1.771145757	19.19763
1.771996364	19.1922
1.773401905	19.19491
1.774382871	19.18673
1.775381315	19.18402
1.776639019	19.1813
1.777212888	19.17316
1.778914831	19.17859
1.779895068	19.17588
1.780745676	19.16774
1.78200338	19.1813
1.783002553	19.16774
1.784130627	19.15688
1.785259429	19.16774
1.78653534	19.1596
1.787664143	19.16502
1.78864438	19.15417
1.789624618	19.1406
1.791049094	19.15417
1.791881495	19.1406
1.793009569	19.13789
1.794434045	19.14603
1.795136815	19.12704
1.796690922	19.12161
1.797671159	19.12161
1.799095635	19.11347
1.799798406	19.10528
1.801204675	19.10257
1.802184913	19.07815
1.804164322	19.089
1.805292397	19.0673
1.806291569	19.02926
1.808252044	19.03473
1.809380118	19.0157
1.810527127	18.99942
1.81165593	18.99399
1.812913634	18.98585
1.81433811	18.99128
1.815466184	18.97228
1.816021118	18.95871
1.817723061	18.95871
1.818555462	18.93968
1.819553906	18.93968
1.820812339	18.9451
1.821810783	18.93696
1.822662118	18.93696
1.823364889	18.92339
1.824215496	18.90983
1.825344299	18.92339
1.826324536	18.91254
1.827175144	18.9044
1.828432848	18.92068
1.829006717	18.90169
1.830282628	18.9044
1.831836734	18.89898
1.832964808	18.88541
1.834223241	18.90169
1.834926011	18.87722
1.835646989	18.86366
1.837478562	18.88269
1.838310962	18.86094
1.839587602	18.8528
1.84114098	18.87179
1.842269782	18.85009
1.843397856	18.84195
1.844525931	18.83923
1.845377266	18.82567
1.847208111	18.84195
1.84861438	18.82567
1.849612824	18.80939
1.851296561	18.8121
1.852017538	18.79035
1.853423807	18.77407
1.854551882	18.77407
1.855403217	18.7605
1.856808758	18.76864
1.857234062	18.74422
1.858362865	18.73608
1.859768406	18.74422
1.860471176	18.72794
1.862025282	18.71976
1.863449758	18.71704
1.864429996	18.69533
1.865705907	18.69533
1.866686873	18.68719
1.86753748	18.6682
1.869220488	18.67091
1.870349291	18.66277
1.871347735	18.64921
1.872754004	18.66277
1.873752448	18.64921
1.874455947	18.63831
1.875861488	18.64649
1.876712096	18.64102
1.877970528	18.64921
1.878821136	18.64102
1.879523906	18.63288
1.880800545	18.64649
1.881651153	18.6356
1.88263139	18.62474
1.883908029	18.64102
1.885036104	18.6356
1.886164906	18.63831
1.887570447	18.64373
1.888847087	18.63017
1.889827324	18.63831
1.890530095	18.63288
1.89138143	18.62474
1.892509505	18.63831
1.893508677	18.62746
1.894341078	18.6166
1.895764825	18.62746
1.896468324	18.6166
1.897744235	18.62474
1.898724473	18.6166
1.900001112	18.6166
1.901555218	18.62746
1.902110152	18.61117
1.902960759	18.60846
1.904218464	18.62203
1.904792332	18.60846
1.906068243	18.60303
1.907197046	18.60032
1.908029447	18.59489
1.909157521	18.60032
1.91043416	18.60575
1.911710071	18.59761
1.912690309	18.60575
1.913966948	18.59761
1.914521882	18.58133
1.915946358	18.59489
1.916778759	18.58133
1.917629366	18.58404
1.919053842	18.59218
1.919886243	18.58133
1.921588185	18.60032
1.922013489	18.57861
1.92271626	18.57047
1.924270366	18.59218
1.924973136	18.5759
1.926101211	18.57319
1.927230013	18.58404
1.927932784	18.565
1.929209423	18.58675
1.930485334	18.5759
1.931465572	18.56772
1.932446537	18.57047
1.933149308	18.565
1.934296317	18.55415
1.935831488	18.57047
1.936682096	18.55957
1.937958735	18.55143
1.939364276	18.55143
1.939938145	18.54601
1.941343686	18.56229
1.942620325	18.54872
1.943452726	18.54058
1.944728637	18.55686
1.945579972	18.53787
1.94656021	18.53515
1.947688284	18.54058
1.94853962	18.53244
1.949538064	18.53244
1.950944333	18.54058
1.951924571	18.53244
1.953477949	18.54601
1.954329284	18.52701
1.955457359	18.51887
1.956733998	18.52973
1.957714235	18.51887
1.958694473	18.51887
1.959545808	18.51073
1.960673883	18.50259
1.962098359	18.51345
1.962653293	18.4917
1.9635039	18.47541
1.964910169	18.48356
1.965335473	18.46456
1.966463547	18.45913
1.967740186	18.46999
1.968720424	18.45913
1.969848498	18.46456
1.971254768	18.46456
1.971827908	18.45371
1.973529851	18.4727
1.974232621	18.45913
1.974935392	18.44557
1.976193825	18.451
1.977469736	18.43471
1.978746375	18.42657
1.979726613	18.42657
1.980854687	18.41843
1.981983489	18.42657
1.98255663	18.41025
1.983814334	18.41572
1.984943137	18.41296
1.986090146	18.40754
1.98721822	18.3994
1.988346294	18.40211
1.98932726	18.38854
1.990177867	18.39125
1.991435572	18.39125
1.992434744	18.37497
1.993710655	18.38583
1.994691621	18.36955
1.995394391	18.36141
1.997096334	18.37769
1.997928735	18.35869
1.998927179	18.35327
2.000333449	18.35598
2.001313686	18.34513
2.002164293	18.3397
2.0037184	18.33694
2.004716844	18.32066
2.006123113	18.3397
2.007251187	18.31795
2.008231425	18.31252
2.009785531	18.3288
2.010784703	18.31252
2.011912778	18.31524
2.012893015	18.31795
2.014169654	18.30709
2.015427359	18.31524
2.016426531	18.30981
2.017554605	18.29353
2.01868268	18.30167
2.019663645	18.29081
2.020236786	18.28539
2.02136486	18.29624
2.022068359	18.29353
2.023048596	18.30167
2.02404704	18.29895
2.025028006	18.29353
2.02602645	18.30438
2.026581384	18.28539
2.027858023	18.28539
2.029411401	18.30438
2.029837433	18.29081
2.030965507	18.29081
2.032093582	18.29624
2.032648515	18.2881
2.033777318	18.29081
2.034480089	18.28539
2.035201794	18.27725
2.036736965	18.29081
2.037735409	18.27996
2.038012876	18.27182
2.039419146	18.28267
2.04054722	18.27725
2.041546392	18.27725
2.042101326	18.26911
2.04309977	18.26911
2.04450604	18.2881
2.04507918	18.27453
2.046059418	18.26639
2.047613524	18.29624
2.048168458	18.27453
2.049296532	18.26911
2.050443541	18.27996
2.051572343	18.26639
2.052700418	18.27453
2.053958122	18.27725
2.055382598	18.26639
2.056640302	18.28267
2.057491638	18.26911
2.058064778	18.25007
2.05947032	18.26368
2.060728752	18.26097
2.061875033	18.25549
2.062855999	18.25549
2.063984073	18.25278
2.065260712	18.25821
2.065963483	18.25007
2.06681409	18.24193
2.068349262	18.25278
2.069070967	18.23921
2.070051205	18.23379
2.071180007	18.23921
2.072308081	18.22565
2.074010024	18.24193
2.074564958	18.23379
2.075138098	18.22293
2.076395803	18.23107
2.077394975	18.22293
2.078375213	18.20937
2.079504015	18.22565
2.080354623	18.21208
2.08120523	18.20123
2.082759336	18.21751
2.084017041	18.20394
2.085145843	18.22293
2.08599645	18.19851
2.086699221	18.18766
2.088401164	18.21479
2.089381401	18.1958
2.090380574	18.19037
2.092063582	18.20123
2.092766352	18.17947
2.093617688	18.18495
2.094616132	18.18766
2.095744934	18.17947
2.097150476	18.19037
2.097853246	18.18219
2.098427115	18.17405
2.099555189	18.17405
2.100683992	18.16862
2.101516392	18.16319
2.102644467	18.17133
2.103643639	18.17133
2.104901343	18.17676
2.106325819	18.17133
2.107176427	18.16319
2.108304501	18.17405
2.109136902	18.16591
2.110561378	18.16048
2.11169018	18.16591
2.112392951	18.14963
2.113650655	18.16319
2.114649828	18.16048
2.115352598	18.1442
2.116905976	18.15234
2.118034779	18.1442
2.118885386	18.13606
2.120014188	18.13877
2.120994426	18.13063
2.121845033	18.11707
2.123251303	18.13335
2.124527214	18.11707
2.125507451	18.11707
2.126931927	18.10346
2.127764328	18.10074
2.129188804	18.11707
2.129891574	18.10074
2.131168214	18.08446
2.132573755	18.10074
2.133276525	18.08175
2.134405328	18.08446
2.135533402	18.08989
2.13651364	18.07089
2.138363419	18.07903
2.13919582	18.07361
2.140047156	18.05461
2.141452697	18.06818
2.142026566	18.06004
2.143006803	18.04376
2.144708746	18.06004
2.145984657	18.04919
2.146687428	18.0519
2.147538763	18.04919
2.148519001	18.04105
2.150073107	18.05461
2.150923714	18.03833
2.151626485	18.02472
2.153310221	18.04105
2.154160828	18.02201
2.155288903	18.02201
2.156990846	18.02743
2.15824855	18.01929
2.159525189	18.02472
2.16093073	18.01929
2.161504599	17.99759
2.16278051	18.01115
2.163761476	17.99759
2.16431641	17.97859
2.166166189	17.99759
2.167146427	17.98945
2.167849197	17.98673
2.16955114	17.98402
2.170679215	17.97588
2.172085484	17.98673
2.172788255	17.96774
2.173786699	17.9596
2.174915501	17.97588
2.175470435	17.95417
2.176468879	17.9487
2.178300452	17.96231
2.17928069	17.94599
2.180409492	17.95417
2.180834796	17.93513
2.181537566	17.92157
2.182962042	17.93242
2.184219747	17.92971
2.184497214	17.91343
2.185773853	17.92699
2.186772297	17.92157
2.1879011	17.91885
2.189029174	17.91343
2.189861575	17.90257
2.191286051	17.91614
2.191988821	17.89986
2.193394362	17.89986
2.194523165	17.90257
2.195373772	17.88629
2.196502575	17.88629
2.197778486	17.88358
2.198758723	17.87268
2.199462222	17.86997
2.200460666	17.87544
2.201293067	17.86454
2.20299501	17.87544
2.203975247	17.86725
2.204678018	17.85369
2.205954657	17.86183
2.206953829	17.85097
2.208081904	17.84012
2.209062141	17.85097
2.210468411	17.84283
2.211744322	17.85911
2.212595657	17.83469
2.213428058	17.8157
2.215129273	17.84012
2.216110238	17.8157
2.216960846	17.81299
2.218385322	17.82927
2.219217722	17.81841
2.220216166	17.8157
2.221474599	17.81299
2.22275051	17.80213
2.223601846	17.81299
2.22485955	17.80485
2.225857994	17.78852
2.227134633	17.79395
2.227837404	17.78852
2.228817642	17.78038
2.229946444	17.79123
2.230944888	17.78309
2.232203321	17.78852
2.233331395	17.78038
2.234182002	17.76953
2.235310805	17.78581
2.236291042	17.77495
2.237290215	17.77495
2.238418289	17.77767
2.23912106	17.7641
2.239972395	17.76139
2.241377936	17.76681
2.242506011	17.75867
2.243505183	17.76953
2.24448542	17.75867
2.245040354	17.74782
2.246742297	17.75596
2.247445068	17.74782
2.248018936	17.73697
2.249572314	17.75325
2.250701117	17.73968
2.252531962	17.75053
2.253383297	17.73425
2.253938231	17.73154
2.255639446	17.74239
2.256620412	17.71793
2.257600649	17.70979
2.258747658	17.72069
2.259580059	17.70436
2.26028283	17.70707
2.261707305	17.72069
2.262410076	17.70436
2.26353815	17.70165
2.264518388	17.70707
2.265092256	17.69622
2.266497798	17.7125
2.2676266	17.70436
2.268477207	17.69622
2.269605282	17.70436
2.270734084	17.69622
2.271862158	17.70707
2.273138798	17.70165
2.273693732	17.69351
2.275247109	17.69893
2.276098445	17.68808
2.277078683	17.67994
2.278632789	17.68265
2.279205929	17.66909
2.28061147	17.6718
2.28201774	17.66909
2.282738717	17.65009
2.28399715	17.65281
2.284995594	17.65281
2.285975831	17.63648
2.287104634	17.64467
2.288232708	17.62834
2.289509347	17.61477
2.290914888	17.62563
2.292043691	17.60935
2.292894298	17.59849
2.294152003	17.60121
2.295003338	17.58764
2.296427086	17.59578
2.297259487	17.57679
2.298536126	17.57136
2.300090232	17.56865
2.30107047	17.54418
2.302068914	17.52519
2.30375265	17.5279
2.304751094	17.50891
2.3063052	17.51433
2.307562905	17.50619
2.308839544	17.48715
2.310115455	17.49534
2.310947856	17.48444
2.312076658	17.46816
2.313353297	17.4763
2.314481372	17.46816
2.315609446	17.45731
2.316886085	17.45731
2.317736692	17.44645
2.319142962	17.45188
2.319845732	17.4356
2.320973807	17.43289
2.322380076	17.4356
2.323101053	17.41932
2.324358758	17.41389
2.326060701	17.42203
2.326615635	17.39757
2.32804011	17.40028
2.329168913	17.38943
2.330426617	17.37586
2.331554692	17.384
2.332553864	17.36501
2.333534102	17.35415
2.334939643	17.36772
2.336364119	17.35144
2.337196519	17.3433
2.338750626	17.35415
2.339323766	17.33516
2.340877872	17.33787
2.341728479	17.32697
2.342856554	17.31341
2.344114986	17.32155
2.34511343	17.30255
2.345945831	17.29713
2.347499937	17.31069
2.348350545	17.28899
2.349627184	17.29984
2.350477791	17.28899
2.351310192	17.28084
2.352864298	17.29713
2.354288774	17.28084
2.354991545	17.26728
2.356397086	17.27542
2.357525889	17.26456
2.358099029	17.25367
2.359782037	17.26456
2.36091084	17.25914
2.362612782	17.26185
2.36346339	17.24281
2.364868931	17.21025
2.366127364	17.21568
2.367273644	17.19126
2.36825461	17.1804
2.369937618	17.18312
2.370936791	17.16137
2.372342332	17.15865
2.373896438	17.15323
2.374469578	17.13423
2.375727283	17.13966
2.376855357	17.12881
2.378279833	17.11252
2.380111406	17.12338
2.38066634	17.09891
2.382090816	17.08535
2.38334852	17.08535
2.384902627	17.07178
2.386030701	17.07178
2.387158775	17.05821
2.387584807	17.03922
2.389712053	17.0555
2.389840955	17.03379
2.390969758	17.02018
2.392394234	17.0365
2.393651938	17.01747
2.394354709	17.00933
2.395779185	17.02289
2.396481955	17.0039
2.397887497	17.00661
2.399016299	17.00661
2.399866907	16.99576
2.401421013	17.00933
2.402123783	16.99576
2.402826554	16.98219
2.404103193	16.99033
2.405656571	16.98219
2.40636007	16.96862
2.407635981	16.97405
2.408893685	16.96049
2.409892858	16.95506
2.410595628	16.94687
2.411298399	16.93873
2.412575038	16.94687
2.413277809	16.93059
2.414405883	16.93059
2.415664316	16.94145
2.416663488	16.93602
2.418216866	16.94416
2.419197103	16.93873
2.419900602	16.92788
2.42132435	16.93331
2.42202712	16.91974
2.422859521	16.91431
2.424413627	16.93059
2.425264235	16.91703
2.426263407	16.91703
2.427521111	16.91974
2.42822461	16.90889
2.429648358	16.92245
2.430351129	16.90889
2.431332094	16.89532
2.433162939	16.91974
2.433884645	16.90617
2.434864882	16.88718
2.436140793	16.89803
2.437121759	16.88718
2.438675137	16.89261
2.439656103	16.89532
2.440229243	16.87361
2.441912251	16.88718
2.442911423	16.88446
2.444188063	16.8709
2.445593604	16.88175
2.446018907	16.87632
2.446722406	16.86271
2.447701916	16.86814
2.448701088	16.86
2.450255194	16.87632
2.451087595	16.86543